919
892
525
188
159
777
505
898
505
445
588
306
623
440
907
32
980
187
76
873
946
7
951
224
976
554
206
177
568
507
694
372
515
76
161
771
850
148
847
978
541
494
283
909
814
997
505
186
439
900
794
545
245
593
623
671
944
527
325
725
631
139
2
386
941
2
978
678
986
716
391
151
958
560
745
303
816
211
446
182
953
326
335
244
973
957
318
993
417
577
778
819
26
781
100
113
145
40
177
549
323
524
128
793
894
35
56
855
669
204
449
996
718
598
605
322
293
760
782
149
774
500
643
575
359
3
184
548
217
463
374
502
275
928
832
950
775
353
582
511
179
422
345
947
537
144
242
107
658
99
709
472
725
301
266
655
467
268
22
14
704
274
510
959
771
705
514
284
666
756
356
536
873
528
655
763
274
932
878
698
744
242
200
701
563
12
669
804
404
654
275
560
114
809
871
887
787
17
964
278
566
122
134
407
632
576
29
822
92
204
85
162
366
141
158
807
278
441
464
304
748
299
724
41
71
476
599
375
826
674
165
299
736
524
148
935
380
898
244
768
9
644
186
541
880
926
926
699
868
424
696
637
758
611
50
518
86
207
241
600
68
158
749
949
887
81
654
747
716
842
423
105
733
944
524
336
988
667
629
256
931
184
962
537
23
579
200
342
805
546
18
999
574
205
333
212
144
688
342
228
787
387
644
389
796
2
736
323
883
759
54
264
635
657
807
63
893
653
528
799
706
966
406
466
994
986
613
565
192
896
893
274
724
721
491
355
179
800
734
919
456
79
210
10
965
24
889
78
893
943
875
902
730
985
316
817
232
813
485
387
435
259
596
373
687
92
406
290
3
618
964
118
545
308
348
639
301
202
744
83
606
517
772
140
247
746
443
574
194
976
571
707
313
232
701
699
477
816
827
313
98
682
950
754
537
190
522
7
871
580
936
306
569
874
273
722
537
351
168
698
108
43
358
386
965
452
892
165
800
828
79
110
903
558
653
977
315
279
192
272
745
79
584
250
97
49
57
594
769
860
725
183
250
621
249
375
136
356
293
898
41
168
686
903
961
104
280
620
176
448
592
509
229
854
974
762
459
800
163
415
999
888
682
577
280
314
679
303
721
821
980
456
422
116
781
111
931
944
67
315
160
153
261
643
753
475
723
974
668
932
423
145
131
108
109
272
546
831
866
250
331
781
671
13
195
960
340
163
35
988
26
638
797
61
682
581
652
801
485
339
183
319
864
417
142
28
335
240
511
655
705
826
999
859
192
674
133
122
156
279
836
715
538
531
293
335
5
618
144
752
472
141
659
806
970
910
129
267
46
430
391
456
591
280
986
421
315
580
317
961
899
612
667
708
869
594
28
114
278
521
328
999
22
520
611
438
1000
759
121
286
874
44
310
498
882
970
745
280
872
572
765
900
91
808
663
800
120
847
334
597
833
949
799
694
674
487
455
490
45
203
273
960
479
725
455
801
973
961
355
157
690
875
658
7
383
986
998
412
985
146
15
212
958
403
55
203
75
826
241
989
466
853
560
370
409
400
343
249
875
546
319
653
87
637
982
631
233
452
906
720
596
742
979
525
535
529
31
704
815
589
454
924
632
732
643
96
857
177
113
210
339
529
965
679
625
488
155
65
4
321
214
102
813
614
246
8
542
310
143
698
628
542
956
91
405
930
597
819
88
16
73
171
793
505
19
842
923
640
323
637
12
355
816
942
672
382
594
560
784
912
848
272
942
522
523
116
729
92
944
332
815
106
333
890
679
166
977
422
645
692
63
614
746
865
32
312
561
519
322
98
86
502
6
675
847
516
799
140
106
757
933
477
824
748
648
99
264
705
765
589
787
24
351
972
590
724
865
627
759
74
7
706
944
983
216
713
822
573
733
771
329
177
103
695
182
85
757
562
717
800
123
680
225
258
526
302
739
518
35
721
741
432
388
420
445
917
485
31
994
834
884
394
130
983
782
174
904
127
453
567
592
579
811
316
527
922
617
423
835
64
356
401
74
539
921
529
446
390
3
200
561
710
636
22
671
434
957
145
821
216
829
315
692
638
136
721
916
981
913
792
306
893
904
566
948
762
855
253
432
935
873
775
638
426
885
198
630
53
513
948
279
202
683
293
560
841
571
402
937
260
440
179
413
400
412
884
956
890
895
810
321
77
419
981
399
937
403
841
667
192
323
100
540
977
984
366
957
727
337
544
355
945
64
132
222
565
171
358
686
665
442
819
428
690
351
374
718
935
484
817
384
440
90
5
770
14
620
877
715
47
